0.000000000000000000e+00 0.000000000000000000e+00 0.000000000000000000e+00
2.706499999999999878e-02 2.142999999999999980e-05 0.000000000000000000e+00
5.205400000000000305e-02 7.472799999999999332e-05 0.000000000000000000e+00
7.151100000000000512e-02 1.391399999999999994e-04 0.000000000000000000e+00
8.741999999999999771e-02 2.088000000000000066e-04 0.000000000000000000e+00
1.010899999999999993e-01 2.814100000000000043e-04 0.000000000000000000e+00
1.133699999999999986e-01 3.559999999999999797e-04 2.426600000000000015e-17
1.243900000000000006e-01 4.313400000000000003e-04 3.361499999999999870e-17
1.346299999999999997e-01 5.079600000000000087e-04 2.160399999999999998e-17
1.441099999999999881e-01 5.856000000000000311e-04 0.000000000000000000e+00
1.529200000000000004e-01 7.030400000000000451e-04 0.000000000000000000e+00
1.607300000000000118e-01 1.343199999999999906e-03 0.000000000000000000e+00
1.687099999999999989e-01 1.451599999999999939e-03 0.000000000000000000e+00
1.765700000000000047e-01 1.240800000000000019e-03 0.000000000000000000e+00
1.836399999999999977e-01 1.533599999999999981e-03 0.000000000000000000e+00
1.905199999999999949e-01 1.751500000000000019e-03 0.000000000000000000e+00
1.975099999999999911e-01 1.514600000000000061e-03 0.000000000000000000e+00
2.040099999999999969e-01 1.524900000000000040e-03 0.000000000000000000e+00
2.099399999999999877e-01 1.963900000000000194e-03 0.000000000000000000e+00
2.160499999999999921e-01 2.030999999999999819e-03 0.000000000000000000e+00
2.221499999999999864e-01 1.755899999999999909e-03 0.000000000000000000e+00
2.280800000000000050e-01 1.546000000000000065e-03 1.875499999999999916e-05
2.337799999999999878e-01 1.631499999999999921e-03 3.501200000000000292e-05
2.395500000000000129e-01 1.719400000000000052e-03 3.335200000000000187e-05
2.453100000000000003e-01 1.809700000000000024e-03 1.855899999999999968e-05
2.511300000000000199e-01 1.903799999999999980e-03 1.913900000000000090e-05
2.569400000000000017e-01 2.001499999999999807e-03 3.530800000000000144e-05
2.627800000000000136e-01 2.101700000000000183e-03 3.261300000000000098e-05
2.686399999999999899e-01 2.204799999999999816e-03 2.033800000000000077e-05
2.745099999999999763e-01 2.311899999999999979e-03 2.245300000000000000e-05
2.804099999999999926e-01 2.422699999999999854e-03 3.600300000000000071e-05
2.863299999999999734e-01 2.536300000000000013e-03 2.981699999999999929e-05
2.922899999999999943e-01 2.653200000000000090e-03 1.955900000000000027e-05
2.982400000000000051e-01 2.774700000000000170e-03 2.766599999999999905e-05
3.042300000000000004e-01 2.899899999999999960e-03 3.575199999999999922e-05
3.102599999999999802e-01 3.027900000000000036e-03 2.323099999999999831e-05
3.162800000000000056e-01 3.159900000000000209e-03 1.290199999999999946e-05
3.223199999999999954e-01 3.297399999999999810e-03 3.291499999999999911e-05
3.283800000000000052e-01 3.437899999999999810e-03 3.280299999999999747e-05
3.344699999999999895e-01 3.581899999999999841e-03 2.075700000000000133e-05
3.405699999999999839e-01 3.730999999999999941e-03 2.383099999999999935e-05
3.466799999999999882e-01 3.884799999999999885e-03 3.502000000000000013e-05
3.528299999999999770e-01 4.041799999999999907e-03 2.446800000000000019e-05
3.589700000000000113e-01 4.203199999999999818e-03 1.144399999999999919e-05
3.651499999999999746e-01 4.370800000000000206e-03 3.279300000000000265e-05
3.713400000000000034e-01 4.541800000000000351e-03 3.011999999999999961e-05
3.775600000000000067e-01 4.716900000000000433e-03 1.484599999999999982e-05
3.837900000000000200e-01 4.898600000000000350e-03 2.795999999999999996e-05
3.900299999999999878e-01 5.084800000000000431e-03 3.278199999999999886e-05
3.962999999999999856e-01 5.275099999999999581e-03 1.924400000000000074e-05
4.025799999999999934e-01 5.471499999999999801e-03 2.266700000000000168e-05
4.088800000000000212e-01 5.673599999999999997e-03 3.322299999999999684e-05
4.151900000000000035e-01 5.879800000000000131e-03 2.159000000000000166e-05
4.215200000000000058e-01 6.092199999999999872e-03 1.821399999999999875e-05
4.278799999999999826e-01 6.311599999999999676e-03 3.252499999999999776e-05
4.342400000000000149e-01 6.535299999999999963e-03 2.224699999999999893e-05
4.406200000000000117e-01 6.765000000000000180e-03 1.585200000000000002e-05
4.470199999999999729e-01 7.002399999999999770e-03 3.176900000000000026e-05
4.534400000000000097e-01 7.244200000000000118e-03 2.124500000000000073e-05
4.598700000000000010e-01 7.492900000000000255e-03 1.572600000000000156e-05
4.663100000000000023e-01 7.749899999999999671e-03 3.097600000000000294e-05
4.727700000000000236e-01 8.010800000000000212e-03 1.872200000000000134e-05
4.792600000000000193e-01 8.278900000000000495e-03 1.928499999999999916e-05
4.857400000000000051e-01 8.555300000000000057e-03 3.006299999999999999e-05
4.922500000000000209e-01 8.839200000000000182e-03 1.431300000000000001e-05
4.987800000000000011e-01 9.135600000000000664e-03 2.340400000000000157e-05
5.053100000000000369e-01 9.437400000000000302e-03 2.809899999999999982e-05
5.118700000000000472e-01 9.736500000000000363e-03 6.469499999999999638e-06
5.184400000000000119e-01 1.003899999999999931e-02 2.579100000000000091e-05
5.250099999999999767e-01 1.035400000000000036e-02 2.439299999999999837e-05
5.316199999999999815e-01 1.068900000000000058e-02 1.603699999999999909e-05
5.382500000000000062e-01 1.103099999999999914e-02 2.729499999999999871e-05
5.448899999999999855e-01 1.139300000000000035e-02 1.584800000000000141e-05
5.515400000000000302e-01 1.178900000000000087e-02 2.311099999999999946e-05
5.581800000000000095e-01 1.215899999999999967e-02 2.541599999999999857e-05
5.648499999999999632e-01 1.250800000000000002e-02 1.506400000000000011e-05
5.715400000000000480e-01 1.288100000000000009e-02 2.540999999999999897e-05
5.782300000000000217e-01 1.328299999999999967e-02 1.616600000000000074e-05
5.849400000000000155e-01 1.370099999999999964e-02 2.262999999999999848e-05
5.916599999999999637e-01 1.412199999999999914e-02 2.331599999999999835e-05
5.983899999999999775e-01 1.455099999999999970e-02 1.943199999999999962e-05
6.051400000000000112e-01 1.499400000000000038e-02 2.432300000000000073e-05
6.118999999999999995e-01 1.545000000000000019e-02 1.392899999999999996e-05
6.186800000000000077e-01 1.592000000000000012e-02 2.161499999999999888e-05
6.254600000000000160e-01 1.640099999999999891e-02 1.584600000000000041e-05
6.322600000000000442e-01 1.689699999999999883e-02 2.083799999999999937e-05
6.390700000000000269e-01 1.740699999999999886e-02 1.954899999999999867e-05
6.458899999999999642e-01 1.793099999999999902e-02 2.096100000000000141e-05
6.527300000000000324e-01 1.847100000000000131e-02 2.073700000000000153e-05
6.595800000000000551e-01 1.902600000000000124e-02 2.062100000000000128e-05
6.664400000000000324e-01 1.959800000000000084e-02 2.067500000000000110e-05
6.733200000000000296e-01 2.018700000000000008e-02 2.030100000000000096e-05
6.801899999999999613e-01 2.079299999999999898e-02 2.002900000000000085e-05
6.870899999999999785e-01 2.141799999999999954e-02 2.008800000000000147e-05
6.939899999999999958e-01 2.206199999999999828e-02 1.910200000000000109e-05
7.009199999999999875e-01 2.272700000000000067e-02 1.966199999999999911e-05
7.078400000000000247e-01 2.341199999999999878e-02 1.775699999999999956e-05
7.147799999999999709e-01 2.412100000000000008e-02 1.823599999999999955e-05
7.217299999999999827e-01 2.485199999999999909e-02 1.494399999999999956e-05
7.287000000000000144e-01 2.560799999999999882e-02 2.024499999999999844e-06
7.356700000000000461e-01 2.639000000000000026e-02 1.501300000000000083e-07
7.426599999999999868e-01 2.719900000000000095e-02 0.000000000000000000e+00
7.496399999999999730e-01 2.803800000000000042e-02 0.000000000000000000e+00
7.566500000000000448e-01 2.890600000000000114e-02 0.000000000000000000e+00
7.636500000000000510e-01 2.980599999999999916e-02 0.000000000000000000e+00
7.706800000000000317e-01 3.074299999999999949e-02 0.000000000000000000e+00
7.777100000000000124e-01 3.171100000000000307e-02 0.000000000000000000e+00
7.847399999999999931e-01 3.273199999999999721e-02 0.000000000000000000e+00
7.917899999999999938e-01 3.374100000000000016e-02 0.000000000000000000e+00
7.988600000000000145e-01 3.493600000000000178e-02 0.000000000000000000e+00
8.059300000000000352e-01 3.603100000000000053e-02 0.000000000000000000e+00
8.129899999999999904e-01 3.722999999999999921e-02 0.000000000000000000e+00
8.200699999999999656e-01 3.849299999999999944e-02 0.000000000000000000e+00
8.271500000000000519e-01 3.981900000000000023e-02 0.000000000000000000e+00
8.342300000000000271e-01 4.123600000000000182e-02 0.000000000000000000e+00
8.413100000000000023e-01 4.264699999999999741e-02 0.000000000000000000e+00
8.483800000000000230e-01 4.423499999999999654e-02 0.000000000000000000e+00
8.554500000000000437e-01 4.585700000000000193e-02 0.000000000000000000e+00
8.625199999999999534e-01 4.764499999999999985e-02 0.000000000000000000e+00
8.695800000000000196e-01 4.957799999999999707e-02 0.000000000000000000e+00
8.766100000000000003e-01 5.154099999999999654e-02 0.000000000000000000e+00
8.836500000000000465e-01 5.373499999999999804e-02 0.000000000000000000e+00
8.906399999999999872e-01 5.616800000000000265e-02 0.000000000000000000e+00
8.976100000000000190e-01 5.885200000000000153e-02 0.000000000000000000e+00
9.045100000000000362e-01 6.177699999999999858e-02 0.000000000000000000e+00
9.113099999999999534e-01 6.528100000000000569e-02 0.000000000000000000e+00
9.179599999999999982e-01 6.944799999999999585e-02 0.000000000000000000e+00
9.244499999999999940e-01 7.468400000000000039e-02 0.000000000000000000e+00
9.306100000000000483e-01 8.130999999999999339e-02 0.000000000000000000e+00
9.364799999999999791e-01 8.887799999999999867e-02 0.000000000000000000e+00
9.420500000000000540e-01 9.733600000000000585e-02 0.000000000000000000e+00
9.473000000000000309e-01 1.066499999999999948e-01 0.000000000000000000e+00
9.522000000000000464e-01 1.165999999999999953e-01 0.000000000000000000e+00
9.567400000000000349e-01 1.271599999999999953e-01 0.000000000000000000e+00
9.609400000000000164e-01 1.382400000000000018e-01 0.000000000000000000e+00
9.647900000000000365e-01 1.496300000000000130e-01 0.000000000000000000e+00
9.682899999999999840e-01 1.612800000000000067e-01 0.000000000000000000e+00
9.714699999999999447e-01 1.730299999999999894e-01 0.000000000000000000e+00
9.743600000000000039e-01 1.848899999999999988e-01 0.000000000000000000e+00
9.769799999999999596e-01 1.967200000000000060e-01 0.000000000000000000e+00
9.793399999999999883e-01 2.084600000000000064e-01 0.000000000000000000e+00
9.814800000000000191e-01 2.201299999999999923e-01 0.000000000000000000e+00
9.834000000000000519e-01 2.316699999999999871e-01 0.000000000000000000e+00
9.851499999999999702e-01 2.430100000000000038e-01 0.000000000000000000e+00
9.867200000000000415e-01 2.542499999999999760e-01 0.000000000000000000e+00
9.881499999999999728e-01 2.652499999999999858e-01 0.000000000000000000e+00
9.894399999999999862e-01 2.761399999999999966e-01 0.000000000000000000e+00
9.906099999999999905e-01 2.867899999999999894e-01 0.000000000000000000e+00
9.916700000000000514e-01 2.973100000000000187e-01 0.000000000000000000e+00
9.926300000000000123e-01 3.076400000000000245e-01 0.000000000000000000e+00
9.935000000000000497e-01 3.178099999999999814e-01 0.000000000000000000e+00
9.942800000000000527e-01 3.277999999999999803e-01 0.000000000000000000e+00
9.949999999999999956e-01 3.376399999999999957e-01 0.000000000000000000e+00
9.956399999999999695e-01 3.473499999999999921e-01 0.000000000000000000e+00
9.962299999999999489e-01 3.568899999999999850e-01 0.000000000000000000e+00
9.967500000000000249e-01 3.663000000000000145e-01 0.000000000000000000e+00
9.972199999999999953e-01 3.755600000000000049e-01 0.000000000000000000e+00
9.976500000000000368e-01 3.847099999999999964e-01 0.000000000000000000e+00
9.980299999999999727e-01 3.937399999999999789e-01 0.000000000000000000e+00
9.983600000000000252e-01 4.026500000000000079e-01 0.000000000000000000e+00
9.986599999999999921e-01 4.114499999999999824e-01 0.000000000000000000e+00
9.989200000000000301e-01 4.201500000000000234e-01 0.000000000000000000e+00
9.991499999999999826e-01 4.287400000000000100e-01 0.000000000000000000e+00
9.993499999999999606e-01 4.372400000000000175e-01 0.000000000000000000e+00
9.995199999999999640e-01 4.456300000000000261e-01 0.000000000000000000e+00
9.996599999999999930e-01 4.539500000000000202e-01 0.000000000000000000e+00
9.997700000000000475e-01 4.621700000000000252e-01 0.000000000000000000e+00
9.998599999999999710e-01 4.703200000000000158e-01 0.000000000000000000e+00
9.999299999999999855e-01 4.783800000000000274e-01 0.000000000000000000e+00
9.999700000000000255e-01 4.863799999999999790e-01 0.000000000000000000e+00
1.000000000000000000e+00 4.943000000000000171e-01 0.000000000000000000e+00
1.000000000000000000e+00 5.021400000000000308e-01 0.000000000000000000e+00
1.000000000000000000e+00 5.099099999999999744e-01 1.275599999999999950e-05
1.000000000000000000e+00 5.176100000000000145e-01 4.538799999999999980e-05
1.000000000000000000e+00 5.252299999999999747e-01 9.697700000000000341e-05
1.000000000000000000e+00 5.328000000000000513e-01 1.685799999999999885e-04
1.000000000000000000e+00 5.402799999999999825e-01 2.581999999999999877e-04
1.000000000000000000e+00 5.477100000000000302e-01 3.652799999999999992e-04
1.000000000000000000e+00 5.550800000000000178e-01 4.927599999999999645e-04
1.000000000000000000e+00 5.624000000000000110e-01 6.395500000000000143e-04
1.000000000000000000e+00 5.696499999999999897e-01 8.044299999999999671e-04
1.000000000000000000e+00 5.768699999999999939e-01 9.890199999999999599e-04
1.000000000000000000e+00 5.840199999999999836e-01 1.194299999999999919e-03
1.000000000000000000e+00 5.911300000000000443e-01 1.418900000000000066e-03
1.000000000000000000e+00 5.981899999999999995e-01 1.662599999999999972e-03
1.000000000000000000e+00 6.052100000000000257e-01 1.928100000000000083e-03
1.000000000000000000e+00 6.121900000000000119e-01 2.214499999999999889e-03
1.000000000000000000e+00 6.191400000000000237e-01 2.521300000000000190e-03
1.000000000000000000e+00 6.260299999999999754e-01 2.849599999999999876e-03
1.000000000000000000e+00 6.329000000000000181e-01 3.200600000000000060e-03
1.000000000000000000e+00 6.397199999999999553e-01 3.574100000000000193e-03
1.000000000000000000e+00 6.465100000000000291e-01 3.970099999999999844e-03
1.000000000000000000e+00 6.532700000000000173e-01 4.389800000000000126e-03
1.000000000000000000e+00 6.600000000000000311e-01 4.834100000000000029e-03
1.000000000000000000e+00 6.666900000000000048e-01 5.303000000000000422e-03
1.000000000000000000e+00 6.733599999999999586e-01 5.796899999999999796e-03
1.000000000000000000e+00 6.799899999999999833e-01 6.316999999999999699e-03
1.000000000000000000e+00 6.866100000000000536e-01 6.864799999999999895e-03
1.000000000000000000e+00 6.931899999999999729e-01 7.440600000000000339e-03
1.000000000000000000e+00 6.997400000000000286e-01 8.043299999999999755e-03
1.000000000000000000e+00 7.062800000000000189e-01 8.675600000000000325e-03
1.000000000000000000e+00 7.127799999999999692e-01 9.348600000000000312e-03
1.000000000000000000e+00 7.192699999999999649e-01 1.002300000000000066e-02
1.000000000000000000e+00 7.257299999999999862e-01 1.072399999999999916e-02
1.000000000000000000e+00 7.321699999999999875e-01 1.156500000000000063e-02
1.000000000000000000e+00 7.385899999999999688e-01 1.233899999999999927e-02
1.000000000000000000e+00 7.449900000000000411e-01 1.315999999999999982e-02
1.000000000000000000e+00 7.513699999999999823e-01 1.404200000000000066e-02
1.000000000000000000e+00 7.577199999999999491e-01 1.495499999999999954e-02
1.000000000000000000e+00 7.640599999999999614e-01 1.591300000000000006e-02
1.000000000000000000e+00 7.703900000000000192e-01 1.691499999999999948e-02
1.000000000000000000e+00 7.766899999999999915e-01 1.796400000000000080e-02
1.000000000000000000e+00 7.829800000000000093e-01 1.906199999999999908e-02
1.000000000000000000e+00 7.892500000000000071e-01 2.021200000000000080e-02
1.000000000000000000e+00 7.954999999999999849e-01 2.141699999999999854e-02
1.000000000000000000e+00 8.017400000000000082e-01 2.267999999999999877e-02
1.000000000000000000e+00 8.079699999999999660e-01 2.400499999999999856e-02
1.000000000000000000e+00 8.141800000000000148e-01 2.539599999999999844e-02
1.000000000000000000e+00 8.203799999999999981e-01 2.685799999999999993e-02
1.000000000000000000e+00 8.265599999999999614e-01 2.839399999999999910e-02
1.000000000000000000e+00 8.327299999999999702e-01 3.001300000000000148e-02
1.000000000000000000e+00 8.388900000000000245e-01 3.171700000000000214e-02
1.000000000000000000e+00 8.450299999999999478e-01 3.348000000000000281e-02
1.000000000000000000e+00 8.511600000000000277e-01 3.548799999999999871e-02
1.000000000000000000e+00 8.572800000000000420e-01 3.745199999999999918e-02
1.000000000000000000e+00 8.633999999999999453e-01 3.959200000000000219e-02
1.000000000000000000e+00 8.694899999999999851e-01 4.189799999999999774e-02
1.000000000000000000e+00 8.755699999999999594e-01 4.439200000000000090e-02
1.000000000000000000e+00 8.816500000000000448e-01 4.695799999999999974e-02
1.000000000000000000e+00 8.877099999999999991e-01 4.977000000000000174e-02
1.000000000000000000e+00 8.937599999999999989e-01 5.282799999999999996e-02
1.000000000000000000e+00 8.998000000000000442e-01 5.620900000000000202e-02
1.000000000000000000e+00 9.058399999999999785e-01 5.991900000000000004e-02
1.000000000000000000e+00 9.118500000000000494e-01 6.392499999999999571e-02
1.000000000000000000e+00 9.178300000000000347e-01 6.857900000000000107e-02
1.000000000000000000e+00 9.238399999999999945e-01 7.394799999999999984e-02
1.000000000000000000e+00 9.298100000000000254e-01 8.089899999999999869e-02
1.000000000000000000e+00 9.357600000000000362e-01 9.064800000000000635e-02
1.000000000000000000e+00 9.416600000000000525e-01 1.037700000000000011e-01
1.000000000000000000e+00 9.475200000000000289e-01 1.205100000000000060e-01
1.000000000000000000e+00 9.533000000000000362e-01 1.414900000000000047e-01
1.000000000000000000e+00 9.589999999999999636e-01 1.671999999999999875e-01
1.000000000000000000e+00 9.645599999999999730e-01 1.982299999999999895e-01
1.000000000000000000e+00 9.699499999999999789e-01 2.351399999999999879e-01
1.000000000000000000e+00 9.750999999999999668e-01 2.786000000000000143e-01
1.000000000000000000e+00 9.799200000000000133e-01 3.288300000000000112e-01
1.000000000000000000e+00 9.843199999999999728e-01 3.857099999999999973e-01
1.000000000000000000e+00 9.881999999999999673e-01 4.486600000000000033e-01
1.000000000000000000e+00 9.915000000000000480e-01 5.165300000000000447e-01
1.000000000000000000e+00 9.941699999999999982e-01 5.875399999999999512e-01
1.000000000000000000e+00 9.962499999999999689e-01 6.598500000000000476e-01
1.000000000000000000e+00 9.977800000000000002e-01 7.319400000000000350e-01
1.000000000000000000e+00 9.988500000000000156e-01 8.025900000000000256e-01
1.000000000000000000e+00 9.995300000000000296e-01 8.711499999999999799e-01
1.000000000000000000e+00 9.998899999999999455e-01 9.368300000000000516e-01
1.000000000000000000e+00 1.000000000000000000e+00 1.000000000000000000e+00
