1.430000000000000021e-02 1.430000000000000021e-02 1.430000000000000021e-02
4.039999999999999841e-02 1.250000000000000069e-02 3.250000000000000111e-02
5.160000000000000003e-02 1.540000000000000049e-02 4.429999999999999910e-02
6.160000000000000198e-02 1.839999999999999969e-02 5.299999999999999850e-02
6.990000000000000380e-02 2.149999999999999828e-02 6.149999999999999911e-02
8.140000000000000013e-02 2.290000000000000022e-02 6.869999999999999718e-02
8.569999999999999840e-02 2.730000000000000135e-02 7.630000000000000671e-02
9.279999999999999361e-02 3.049999999999999933e-02 8.050000000000000211e-02
1.008000000000000007e-01 3.300000000000000155e-02 8.459999999999999465e-02
1.063999999999999946e-01 3.559999999999999970e-02 9.389999999999999736e-02
1.110000000000000014e-01 3.960000000000000325e-02 9.790000000000000091e-02
1.184000000000000052e-01 4.150000000000000216e-02 1.019999999999999934e-01
1.223999999999999949e-01 4.529999999999999999e-02 1.062000000000000027e-01
1.262999999999999956e-01 4.889999999999999902e-02 1.105000000000000010e-01
1.307999999999999996e-01 5.179999999999999882e-02 1.150000000000000050e-01
1.356999999999999873e-01 5.410000000000000225e-02 1.199999999999999956e-01
1.413000000000000089e-01 5.550000000000000072e-02 1.255999999999999894e-01
1.453000000000000125e-01 5.899999999999999689e-02 1.255999999999999894e-01
1.506000000000000116e-01 6.029999999999999943e-02 1.308999999999999886e-01
1.532999999999999918e-01 6.370000000000000662e-02 1.343999999999999917e-01
1.569000000000000117e-01 6.640000000000000069e-02 1.385000000000000120e-01
1.623999999999999888e-01 6.779999999999999916e-02 1.424999999999999878e-01
1.653999999999999915e-01 7.080000000000000182e-02 1.471000000000000085e-01
1.703000000000000069e-01 7.290000000000000646e-02 1.504000000000000059e-01
1.741999999999999937e-01 7.549999999999999767e-02 1.542000000000000037e-01
1.796000000000000096e-01 7.679999999999999327e-02 1.595000000000000029e-01
1.809000000000000052e-01 7.829999999999999460e-02 1.774999999999999911e-01
1.797999999999999876e-01 8.069999999999999396e-02 1.967000000000000137e-01
1.782999999999999863e-01 8.290000000000000147e-02 2.159000000000000086e-01
1.781999999999999973e-01 8.429999999999999993e-02 2.341000000000000025e-01
1.764999999999999902e-01 8.659999999999999643e-02 2.514000000000000123e-01
1.769999999999999907e-01 8.859999999999999820e-02 2.646000000000000019e-01
1.761000000000000065e-01 9.110000000000000042e-02 2.782000000000000028e-01
1.754000000000000004e-01 9.329999999999999405e-02 2.922000000000000153e-01
1.773000000000000131e-01 9.510000000000000397e-02 3.025999999999999801e-01
1.758000000000000118e-01 9.719999999999999474e-02 3.174000000000000155e-01
1.751000000000000056e-01 9.990000000000000269e-02 3.290000000000000147e-01
1.743999999999999995e-01 1.024999999999999939e-01 3.405000000000000249e-01
1.734999999999999876e-01 1.047000000000000014e-01 3.533999999999999919e-01
1.748000000000000109e-01 1.071000000000000008e-01 3.627000000000000224e-01
1.746999999999999942e-01 1.093999999999999972e-01 3.739000000000000101e-01
1.726000000000000034e-01 1.121999999999999942e-01 3.857999999999999763e-01
1.731000000000000039e-01 1.152999999999999997e-01 3.940000000000000169e-01
1.731000000000000039e-01 1.174999999999999933e-01 4.051000000000000156e-01
1.731000000000000039e-01 1.197000000000000008e-01 4.161000000000000254e-01
1.719999999999999862e-01 1.223999999999999949e-01 4.268000000000000127e-01
1.729999999999999871e-01 1.260999999999999899e-01 4.329999999999999960e-01
1.716000000000000025e-01 1.285000000000000031e-01 4.445000000000000062e-01
1.710000000000000131e-01 1.313999999999999890e-01 4.540000000000000147e-01
1.706000000000000016e-01 1.340000000000000080e-01 4.642000000000000015e-01
1.663999999999999924e-01 1.381000000000000005e-01 4.738999999999999879e-01
1.582000000000000073e-01 1.481999999999999984e-01 4.717000000000000082e-01
1.486999999999999988e-01 1.582999999999999963e-01 4.682999999999999940e-01
1.421999999999999931e-01 1.653000000000000025e-01 4.698999999999999844e-01
1.351999999999999869e-01 1.728999999999999981e-01 4.693999999999999839e-01
1.280999999999999917e-01 1.796000000000000096e-01 4.707999999999999963e-01
1.254000000000000115e-01 1.854000000000000092e-01 4.718999999999999861e-01
1.207000000000000017e-01 1.904000000000000137e-01 4.762000000000000122e-01
1.166999999999999982e-01 1.962000000000000133e-01 4.773000000000000020e-01
1.165999999999999953e-01 2.003999999999999948e-01 4.813999999999999946e-01
1.146999999999999964e-01 2.056999999999999940e-01 4.823000000000000065e-01
1.136999999999999955e-01 2.093000000000000138e-01 4.888000000000000123e-01
1.091000000000000025e-01 2.149000000000000077e-01 4.904000000000000026e-01
1.088999999999999968e-01 2.190000000000000002e-01 4.944000000000000061e-01
1.073999999999999955e-01 2.233999999999999875e-01 4.984000000000000097e-01
1.107999999999999957e-01 2.270000000000000073e-01 5.021999999999999797e-01
1.096000000000000030e-01 2.315000000000000113e-01 5.056000000000000494e-01
1.058000000000000052e-01 2.366999999999999937e-01 5.077000000000000401e-01
1.048000000000000043e-01 2.401999999999999968e-01 5.144999999999999574e-01
1.047000000000000014e-01 2.444000000000000061e-01 5.181999999999999940e-01
1.068000000000000060e-01 2.482000000000000040e-01 5.222999999999999865e-01
1.086000000000000021e-01 2.520999999999999908e-01 5.263999999999999790e-01
1.067000000000000032e-01 2.567999999999999727e-01 5.290000000000000258e-01
1.060999999999999999e-01 2.606999999999999873e-01 5.345999999999999641e-01
1.058999999999999941e-01 2.647999999999999798e-01 5.385999999999999677e-01
1.055999999999999994e-01 2.690000000000000169e-01 5.426999999999999602e-01
9.690000000000000002e-02 2.768999999999999795e-01 5.342999999999999972e-01
8.790000000000000591e-02 2.847000000000000086e-01 5.251000000000000112e-01
8.319999999999999618e-02 2.907000000000000139e-01 5.218000000000000416e-01
7.929999999999999549e-02 2.972000000000000197e-01 5.152999999999999803e-01
6.859999999999999432e-02 3.044000000000000039e-01 5.068000000000000282e-01
6.389999999999999847e-02 3.105999999999999872e-01 5.006000000000000449e-01
5.859999999999999931e-02 3.165999999999999925e-01 4.954999999999999960e-01
5.360000000000000181e-02 3.226999999999999869e-01 4.888000000000000123e-01
3.880000000000000115e-02 3.291999999999999926e-01 4.817000000000000171e-01
4.089999999999999886e-02 3.342999999999999861e-01 4.786000000000000254e-01
3.450000000000000289e-02 3.401000000000000134e-01 4.722000000000000086e-01
2.999999999999999889e-02 3.457999999999999963e-01 4.665000000000000258e-01
2.900000000000000147e-02 3.506000000000000227e-01 4.647000000000000020e-01
2.259999999999999856e-02 3.563999999999999946e-01 4.577999999999999847e-01
1.540000000000000049e-02 3.618999999999999995e-01 4.529000000000000248e-01
1.460000000000000013e-02 3.669999999999999929e-01 4.486999999999999877e-01
1.689999999999999836e-02 3.718000000000000194e-01 4.464000000000000190e-01
1.170000000000000033e-02 3.773000000000000242e-01 4.400000000000000022e-01
5.499999999999999681e-03 3.827999999999999736e-01 4.334000000000000075e-01
5.199999999999999761e-03 3.872999999999999776e-01 4.326999999999999735e-01
8.000000000000000383e-04 3.926999999999999935e-01 4.267000000000000237e-01
0.000000000000000000e+00 3.976999999999999980e-01 4.219999999999999862e-01
2.999999999999999737e-04 4.023999999999999799e-01 4.199999999999999845e-01
1.299999999999999940e-03 4.072000000000000064e-01 4.166000000000000258e-01
0.000000000000000000e+00 4.132000000000000117e-01 4.107000000000000095e-01
0.000000000000000000e+00 4.178999999999999937e-01 4.071000000000000174e-01
0.000000000000000000e+00 4.242000000000000215e-01 3.976999999999999980e-01
0.000000000000000000e+00 4.302000000000000268e-01 3.919000000000000261e-01
0.000000000000000000e+00 4.344999999999999973e-01 3.890000000000000124e-01
0.000000000000000000e+00 4.395000000000000018e-01 3.849000000000000199e-01
0.000000000000000000e+00 4.455999999999999961e-01 3.775999999999999912e-01
0.000000000000000000e+00 4.507999999999999785e-01 3.728000000000000203e-01
0.000000000000000000e+00 4.562999999999999834e-01 3.665999999999999814e-01
0.000000000000000000e+00 4.612999999999999878e-01 3.597000000000000197e-01
0.000000000000000000e+00 4.670000000000000262e-01 3.542000000000000148e-01
0.000000000000000000e+00 4.716000000000000192e-01 3.503999999999999893e-01
0.000000000000000000e+00 4.763000000000000012e-01 3.463999999999999857e-01
0.000000000000000000e+00 4.819999999999999840e-01 3.375000000000000222e-01
0.000000000000000000e+00 4.869999999999999885e-01 3.331000000000000072e-01
0.000000000000000000e+00 4.918000000000000149e-01 3.256000000000000005e-01
0.000000000000000000e+00 4.969000000000000083e-01 3.197999999999999732e-01
0.000000000000000000e+00 5.023999999999999577e-01 3.125999999999999890e-01
0.000000000000000000e+00 5.060000000000000053e-01 3.100999999999999868e-01
0.000000000000000000e+00 5.118000000000000327e-01 3.012000000000000233e-01
0.000000000000000000e+00 5.165999999999999481e-01 2.938000000000000056e-01
0.000000000000000000e+00 5.213999999999999746e-01 2.871000000000000218e-01
0.000000000000000000e+00 5.268000000000000460e-01 2.816000000000000170e-01
0.000000000000000000e+00 5.314999999999999725e-01 2.726000000000000090e-01
0.000000000000000000e+00 5.355999999999999650e-01 2.675000000000000155e-01
0.000000000000000000e+00 5.406999999999999584e-01 2.596999999999999864e-01
0.000000000000000000e+00 5.461000000000000298e-01 2.551999999999999824e-01
0.000000000000000000e+00 5.518999999999999462e-01 2.505999999999999894e-01
0.000000000000000000e+00 5.564999999999999947e-01 2.469000000000000083e-01
0.000000000000000000e+00 5.624000000000000110e-01 2.396000000000000074e-01
0.000000000000000000e+00 5.677999999999999714e-01 2.359999999999999876e-01
0.000000000000000000e+00 5.726999999999999869e-01 2.338000000000000078e-01
0.000000000000000000e+00 5.777999999999999803e-01 2.286999999999999866e-01
0.000000000000000000e+00 5.828999999999999737e-01 2.250000000000000056e-01
0.000000000000000000e+00 5.883000000000000451e-01 2.179999999999999993e-01
0.000000000000000000e+00 5.930999999999999606e-01 2.146000000000000130e-01
0.000000000000000000e+00 5.990999999999999659e-01 2.089000000000000024e-01
0.000000000000000000e+00 6.036000000000000254e-01 2.056000000000000050e-01
0.000000000000000000e+00 6.084000000000000519e-01 1.998999999999999944e-01
0.000000000000000000e+00 6.138000000000000123e-01 1.960999999999999965e-01
0.000000000000000000e+00 6.189000000000000057e-01 1.899000000000000132e-01
0.000000000000000000e+00 6.239000000000000101e-01 1.847999999999999921e-01
0.000000000000000000e+00 6.290000000000000036e-01 1.759000000000000008e-01
0.000000000000000000e+00 6.344999999999999529e-01 1.706999999999999906e-01
0.000000000000000000e+00 6.381000000000000005e-01 1.638000000000000012e-01
0.000000000000000000e+00 6.438000000000000389e-01 1.592000000000000082e-01
0.000000000000000000e+00 6.489000000000000323e-01 1.519000000000000072e-01
0.000000000000000000e+00 6.535999999999999588e-01 1.409999999999999865e-01
0.000000000000000000e+00 6.590000000000000302e-01 1.322000000000000119e-01
0.000000000000000000e+00 6.644999999999999796e-01 1.222000000000000031e-01
0.000000000000000000e+00 6.655999999999999694e-01 9.089999999999999469e-02
0.000000000000000000e+00 6.643999999999999906e-01 3.219999999999999946e-02
3.509999999999999926e-02 6.660000000000000364e-01 0.000000000000000000e+00
7.969999999999999307e-02 6.703000000000000069e-01 0.000000000000000000e+00
1.129000000000000004e-01 6.739000000000000545e-01 0.000000000000000000e+00
1.391999999999999904e-01 6.775999999999999801e-01 0.000000000000000000e+00
1.565999999999999892e-01 6.814000000000000057e-01 0.000000000000000000e+00
1.764999999999999902e-01 6.846999999999999753e-01 0.000000000000000000e+00
1.890000000000000013e-01 6.889999999999999458e-01 0.000000000000000000e+00
2.030000000000000138e-01 6.927999999999999714e-01 0.000000000000000000e+00
2.167000000000000037e-01 6.965999999999999970e-01 0.000000000000000000e+00
2.298999999999999932e-01 7.003000000000000336e-01 0.000000000000000000e+00
2.391000000000000070e-01 7.044000000000000261e-01 0.000000000000000000e+00
2.516999999999999793e-01 7.080999999999999517e-01 0.000000000000000000e+00
2.574000000000000177e-01 7.124000000000000332e-01 0.000000000000000000e+00
2.679000000000000270e-01 7.161999999999999478e-01 0.000000000000000000e+00
2.790000000000000258e-01 7.199999999999999734e-01 0.000000000000000000e+00
2.878000000000000003e-01 7.239999999999999769e-01 0.000000000000000000e+00
2.964999999999999858e-01 7.279999999999999805e-01 0.000000000000000000e+00
3.052000000000000268e-01 7.318999999999999950e-01 0.000000000000000000e+00
3.100999999999999868e-01 7.361999999999999655e-01 0.000000000000000000e+00
3.186999999999999833e-01 7.401999999999999691e-01 0.000000000000000000e+00
3.271999999999999909e-01 7.440999999999999837e-01 0.000000000000000000e+00
3.345000000000000195e-01 7.481999999999999762e-01 0.000000000000000000e+00
3.406000000000000139e-01 7.522999999999999687e-01 0.000000000000000000e+00
3.603999999999999981e-01 7.549000000000000155e-01 0.000000000000000000e+00
3.897999999999999798e-01 7.562999999999999723e-01 0.000000000000000000e+00
4.168999999999999928e-01 7.573999999999999622e-01 0.000000000000000000e+00
4.460999999999999965e-01 7.580000000000000071e-01 0.000000000000000000e+00
4.681000000000000161e-01 7.593999999999999639e-01 0.000000000000000000e+00
4.899999999999999911e-01 7.611999999999999877e-01 0.000000000000000000e+00
5.089000000000000190e-01 7.627000000000000446e-01 0.000000000000000000e+00
5.303999999999999826e-01 7.637000000000000455e-01 0.000000000000000000e+00
5.500000000000000444e-01 7.649000000000000243e-01 0.000000000000000000e+00
5.697999999999999732e-01 7.660000000000000142e-01 0.000000000000000000e+00
5.825000000000000178e-01 7.688000000000000389e-01 0.000000000000000000e+00
5.998999999999999888e-01 7.701000000000000068e-01 0.000000000000000000e+00
6.172999999999999599e-01 7.712999999999999856e-01 0.000000000000000000e+00
6.313999999999999613e-01 7.730000000000000204e-01 0.000000000000000000e+00
6.487000000000000544e-01 7.741000000000000103e-01 0.000000000000000000e+00
6.632000000000000117e-01 7.762999999999999901e-01 0.000000000000000000e+00
6.756999999999999673e-01 7.782000000000000028e-01 0.000000000000000000e+00
6.912000000000000366e-01 7.794999999999999707e-01 0.000000000000000000e+00
7.060999999999999499e-01 7.808000000000000496e-01 0.000000000000000000e+00
7.221999999999999531e-01 7.818000000000000504e-01 0.000000000000000000e+00
7.305000000000000382e-01 7.852000000000000091e-01 0.000000000000000000e+00
7.441999999999999726e-01 7.865999999999999659e-01 0.000000000000000000e+00
7.580000000000000071e-01 7.880000000000000338e-01 0.000000000000000000e+00
7.709000000000000297e-01 7.895999999999999686e-01 0.000000000000000000e+00
7.832999999999999963e-01 7.914999999999999813e-01 0.000000000000000000e+00
7.872000000000000108e-01 7.891000000000000236e-01 9.510000000000000397e-02
7.972000000000000197e-01 7.903000000000000025e-01 1.988000000000000045e-01
8.072000000000000286e-01 7.916999999999999593e-01 2.560000000000000053e-01
8.115999999999999881e-01 7.949000000000000510e-01 3.000999999999999779e-01
8.211000000000000520e-01 7.963999999999999968e-01 3.397000000000000020e-01
8.307999999999999829e-01 7.980000000000000426e-01 3.709999999999999964e-01
8.349999999999999645e-01 8.011000000000000343e-01 4.027999999999999914e-01
8.449999999999999734e-01 8.025999999999999801e-01 4.292000000000000259e-01
8.548000000000000043e-01 8.041000000000000369e-01 4.555000000000000160e-01
8.601999999999999647e-01 8.073000000000000176e-01 4.734999999999999765e-01
8.658000000000000140e-01 8.100000000000000533e-01 4.993000000000000216e-01
8.758000000000000229e-01 8.115999999999999881e-01 5.183999999999999719e-01
8.856000000000000538e-01 8.129999999999999449e-01 5.402000000000000135e-01
8.894999999999999574e-01 8.164000000000000146e-01 5.602000000000000313e-01
8.993999999999999773e-01 8.179999999999999494e-01 5.775000000000000133e-01
9.076999999999999513e-01 8.202000000000000401e-01 5.917999999999999927e-01
9.105999999999999650e-01 8.241000000000000547e-01 6.094000000000000528e-01
9.204999999999999849e-01 8.256999999999999895e-01 6.252999999999999670e-01
9.284000000000000030e-01 8.277999999999999803e-01 6.420000000000000151e-01
9.343000000000000194e-01 8.306999999999999940e-01 6.575999999999999623e-01
9.415000000000000036e-01 8.328999999999999737e-01 6.762000000000000233e-01
9.512000000000000455e-01 8.347999999999999865e-01 6.867999999999999661e-01
9.548999999999999710e-01 8.384000000000000341e-01 7.026000000000000023e-01
9.622000000000000552e-01 8.407999999999999918e-01 7.169999999999999707e-01
9.711999999999999522e-01 8.428999999999999826e-01 7.287000000000000144e-01
9.707999999999999963e-01 8.481999999999999540e-01 7.409000000000000030e-01
9.713000000000000522e-01 8.529999999999999805e-01 7.554999999999999494e-01
9.690999999999999615e-01 8.590999999999999748e-01 7.654999999999999583e-01
9.698999999999999844e-01 8.641999999999999682e-01 7.745999999999999552e-01
9.703000000000000513e-01 8.690999999999999837e-01 7.871000000000000218e-01
9.709999999999999742e-01 8.739999999999999991e-01 7.999000000000000554e-01
9.695000000000000284e-01 8.800000000000000044e-01 8.066999999999999726e-01
9.696000000000000174e-01 8.850999999999999979e-01 8.187999999999999723e-01
9.686000000000000165e-01 8.908000000000000362e-01 8.277999999999999803e-01
9.680999999999999606e-01 8.961999999999999966e-01 8.377999999999999892e-01
9.687999999999999945e-01 9.012999999999999901e-01 8.467000000000000082e-01
9.696000000000000174e-01 9.063999999999999835e-01 8.557000000000000162e-01
9.703000000000000513e-01 9.114999999999999769e-01 8.647000000000000242e-01
9.707999999999999963e-01 9.163000000000000034e-01 8.772999999999999687e-01
9.690999999999999615e-01 9.223999999999999977e-01 8.838000000000000300e-01
9.691999999999999504e-01 9.273000000000000131e-01 8.961000000000000076e-01
9.698999999999999844e-01 9.323000000000000176e-01 9.051000000000000156e-01
9.693000000000000504e-01 9.381000000000000449e-01 9.108000000000000540e-01
9.714000000000000412e-01 9.425000000000000044e-01 9.230000000000000426e-01
9.711999999999999522e-01 9.477999999999999758e-01 9.311000000000000387e-01
9.699999999999999734e-01 9.536999999999999922e-01 9.381000000000000449e-01
9.707000000000000073e-01 9.586999999999999966e-01 9.469999999999999529e-01
9.713000000000000522e-01 9.637999999999999901e-01 9.559999999999999609e-01
9.726000000000000201e-01 9.687000000000000055e-01 9.647999999999999909e-01
9.737999999999999989e-01 9.737999999999999989e-01 9.710999999999999632e-01
9.779999999999999805e-01 9.779999999999999805e-01 9.779999999999999805e-01
9.824000000000000510e-01 9.824000000000000510e-01 9.824000000000000510e-01
9.868000000000000105e-01 9.868000000000000105e-01 9.868000000000000105e-01
9.911999999999999700e-01 9.911999999999999700e-01 9.911999999999999700e-01
9.956000000000000405e-01 9.956000000000000405e-01 9.956000000000000405e-01
1.000000000000000000e+00 1.000000000000000000e+00 1.000000000000000000e+00
